8
8
8
12
5
5
5
5
5
5
5
5
5
5
5
9
10
10
14
11
12
5
5
5
5
5
5
5
5
5
5
3
6
15
11
10
10
12
5
5
5
5
5
5
5
5
9
8
12
3
10
10
10
10
12
5
5
5
5
5
5
5
3
10
14
5
3
10
10
10
6
5
5
5
5
5
5
5
13
11
14
5
5
3
10
10
12
5
5
5
5
9
12
5
11
10
10
12
13
5
3
10
14
5
5
9
12
7
15
5
11
10
10
10
6
5
5
3
2
12
9
14
7
5
7
5
7
3
10
14
5
5
5
9
8
6
11
14
5
5
5
9
8
8
10
6
5
5
9
14
15
1
6
3
12
5
5
3
10
10
14
5
5
9
10
10
6
13
1
8
6
5
5
9
10
10
14
5
9
10
10
14
5
7
13
3
12
5
5
3
10
10
6
9
10
10
10
6
5
5
15
9
6
5
5
5
11
10
12
15
11
10
10
4
5
5
3
6
5
5
5
5
3
10
10
10
14
11
6
5
5
5
5
5
5
5
5
5
5
11
2
2
2
6
5
5
5
5
5
5
5
5
5
5
5
3
